{"producer":{"name":"Blender","version":"2.79 (sub 0)","exporter_version":"5.4.0","file":"butterfly.babylon"},
"autoClear":true,"clearColor":[0.0509,0.0509,0.0509],"ambientColor":[0,0,0],"gravity":[0,-9.81,0],
"materials":[{"name":"butterfly.body","id":"butterfly.body","ambient":[0.8,0.0055,0.0244],"diffuse":[0.64,0.0044,0.0195],"specular":[0.5,0.5,0.5],"emissive":[2.4,0.0164,0.0732],"specularPower":50,"alpha":1,"backFaceCulling":true,"checkReadyOnlyOnce":false,"maxSimultaneousLights":4},
{"name":"butterfly.wing","id":"butterfly.wing","ambient":[0.8,0.0076,0.3612],"diffuse":[0.64,0.0061,0.2889],"specular":[0.5,0.5,0.5],"emissive":[2.4,0.0228,1.0835],"specularPower":50,"alpha":1,"backFaceCulling":true,"checkReadyOnlyOnce":false,"maxSimultaneousLights":4, 
"diffuseTexture":{"name":"winguv.jpg","level":1,"hasAlpha":1,"coordinatesMode":0,"uOffset":0,"vOffset":0,"uScale":1,"vScale":1,"uAng":0,"vAng":0,"wAng":0,"wrapU":1,"wrapV":1,"coordinatesIndex":0}}],
"multiMaterials":[{"name":"butterfly.Multimaterial#0","id":"butterfly.Multimaterial#0","materials":["butterfly.body","butterfly.wing"]}],
"skeletons":[{"name":"Armature","id":0,"dimensionsAtRest":[4.6831,4.111,0.3569],"bones":[
{"name":"ROOT","index":0,"matrix":[0.5278,0,0,0,0,0.5278,0,0,0,0,-0.5278,0,0,0,0,1],"rest":[0.5278,0,0,0,0,0.5278,0,0,0,0,-0.5278,0,0,0,0,1],"parentBoneIndex":-1,"length":1
,"animation":{"dataType":3,"framePerSecond":24,"keys":[
{"frame":1,"values":[0.5278,0,0,0,0,0.5278,0,0,0,0,-0.5278,0,0,0,0,1]},
{"frame":120,"values":[0.5278,0,0,0,0,0.5278,0,0,0,0,-0.5278,0,0,0,0,1]}],"loopBehavior":1,"name":"anim","property":"_matrix"}},
{"name":"body","index":1,"matrix":[1,0,0,0,0,1,0,0,0,0,1,0,0,1,0,1],"rest":[1,0,0,0,0,1,0,0,0,0,1,0,0,1,0,1],"parentBoneIndex":0,"length":2.1258
,"animation":{"dataType":3,"framePerSecond":24,"keys":[
{"frame":1,"values":[1,0,0,0,0,1,0,0,0,0,1,0,0,1,0,1]},
{"frame":120,"values":[1,0,0,0,0,1,0,0,0,0,1,0,0,1,0,1]}],"loopBehavior":1,"name":"anim","property":"_matrix"}},
{"name":"head","index":2,"matrix":[1,0,0,0,0,1,0,0,0,0,1,0,0,2.1258,0,1],"rest":[1,0,0,0,0,1,0,0,0,0,1,0,0,2.1258,0,1],"parentBoneIndex":1,"length":0.9852
,"animation":{"dataType":3,"framePerSecond":24,"keys":[
{"frame":1,"values":[1,0,0,0,0,1,0,0,0,0,1,0,0,2.1258,0,1]},
{"frame":120,"values":[1,0,0,0,0,1,0,0,0,0,1,0,0,2.1258,0,1]}],"loopBehavior":1,"name":"anim","property":"_matrix"}},
{"name":"wingTL","index":3,"matrix":[0.0663,-0.9978,-0.0016,0,0.9975,0.0663,-0.0238,0,0.0239,0,0.9997,0,0.328,2.2128,0.0004,1],"rest":[0.0663,-0.9978,0,0,0.9978,0.0663,0,0,0,0,1,0,0.328,2.2128,0,1],"parentBoneIndex":1,"length":1.9463
,"animation":{"dataType":3,"framePerSecond":24,"keys":[
{"frame":1,"values":[0.0663,-0.9978,-0.0016,0,0.9975,0.0663,-0.0238,0,0.0239,0,0.9997,0,0.328,2.2128,0.0004,1]},
{"frame":2,"values":[0.0662,-0.9978,-0.004,0,0.996,0.0663,-0.0604,0,0.0606,0,0.9982,0,0.3284,2.2128,0.0009,1]},
{"frame":3,"values":[0.0653,-0.9978,-0.0115,0,0.9828,0.0663,-0.1724,0,0.1728,0,0.985,0,0.3298,2.2128,0.0024,1]},
{"frame":4,"values":[0.062,-0.9978,-0.0236,0,0.9327,0.0663,-0.3544,0,0.3552,0,0.9348,0,0.332,2.2128,0.0047,1]},
{"frame":5,"values":[0.0542,-0.9978,-0.0382,0,0.8154,0.0663,-0.5751,0,0.5764,0,0.8172,0,0.3347,2.2128,0.0076,1]},
{"frame":6,"values":[0.0418,-0.9978,-0.0515,0,0.628,0.0663,-0.7753,0,0.7771,0,0.6294,0,0.3377,2.2128,0.0108,1]},
{"frame":7,"values":[0.0276,-0.9978,-0.0603,0,0.4156,0.0663,-0.9071,0,0.9091,0,0.4165,0,0.3405,2.2128,0.0138,1]},
{"frame":8,"values":[0.0158,-0.9978,-0.0644,0,0.2373,0.0663,-0.9692,0,0.9713,0,0.2379,0,0.3427,2.2128,0.0161,1]},
{"frame":9,"values":[0.0084,-0.9978,-0.0658,0,0.1265,0.0663,-0.9897,0,0.9919,0,0.1268,0,0.344,2.2128,0.0176,1]},
{"frame":10,"values":[0.006,-0.9978,-0.0661,0,0.0901,0.0663,-0.9937,0,0.9959,0,0.0903,0,0.3445,2.2128,0.018,1]},
{"frame":11,"values":[0.0079,-0.9978,-0.0659,0,0.1195,0.0663,-0.9906,0,0.9928,0,0.1198,0,0.3441,2.2128,0.0177,1]},
{"frame":12,"values":[0.0139,-0.9978,-0.0649,0,0.2093,0.0663,-0.9756,0,0.9778,0,0.2097,0,0.343,2.2128,0.0165,1]},
{"frame":13,"values":[0.0237,-0.9978,-0.062,0,0.3564,0.0663,-0.932,0,0.934,0,0.3572,0,0.3412,2.2128,0.0146,1]},
{"frame":14,"values":[0.0361,-0.9978,-0.0557,0,0.5425,0.0663,-0.8374,0,0.8393,0,0.5437,0,0.3389,2.2128,0.0121,1]},
{"frame":15,"values":[0.0484,-0.9978,-0.0453,0,0.7286,0.0663,-0.6817,0,0.6832,0,0.7302,0,0.3362,2.2128,0.0092,1]},
{"frame":16,"values":[0.0579,-0.9978,-0.0323,0,0.8716,0.0663,-0.4856,0,0.4867,0,0.8736,0,0.3336,2.2128,0.0064,1]},
{"frame":17,"values":[0.0634,-0.9978,-0.0195,0,0.9536,0.0663,-0.2936,0,0.2943,0,0.9557,0,0.3312,2.2128,0.0039,1]},
{"frame":18,"values":[0.0656,-0.9978,-0.0096,0,0.9874,0.0663,-0.144,0,0.1443,0,0.9895,0,0.3295,2.2128,0.002,1]},
{"frame":19,"values":[0.0662,-0.9978,-0.0036,0,0.9964,0.0663,-0.0534,0,0.0535,0,0.9986,0,0.3284,2.2128,0.0008,1]},
{"frame":20,"values":[0.0663,-0.9978,-0.0016,0,0.9975,0.0663,-0.0238,0,0.0239,0,0.9997,0,0.328,2.2128,0.0004,1]},
{"frame":21,"values":[0.0662,-0.9978,-0.0036,0,0.9964,0.0663,-0.0534,0,0.0535,0,0.9986,0,0.3284,2.2128,0.0008,1]},
{"frame":22,"values":[0.0656,-0.9978,-0.0096,0,0.9874,0.0663,-0.144,0,0.1443,0,0.9895,0,0.3295,2.2128,0.002,1]},
{"frame":23,"values":[0.0634,-0.9978,-0.0195,0,0.9536,0.0663,-0.2936,0,0.2943,0,0.9557,0,0.3312,2.2128,0.0039,1]},
{"frame":24,"values":[0.0579,-0.9978,-0.0323,0,0.8716,0.0663,-0.4856,0,0.4867,0,0.8736,0,0.3336,2.2128,0.0064,1]},
{"frame":25,"values":[0.0484,-0.9978,-0.0453,0,0.7286,0.0663,-0.6817,0,0.6832,0,0.7302,0,0.3362,2.2128,0.0092,1]},
{"frame":26,"values":[0.0361,-0.9978,-0.0557,0,0.5425,0.0663,-0.8374,0,0.8393,0,0.5437,0,0.3389,2.2128,0.0121,1]},
{"frame":27,"values":[0.0237,-0.9978,-0.062,0,0.3564,0.0663,-0.932,0,0.934,0,0.3572,0,0.3412,2.2128,0.0146,1]},
{"frame":28,"values":[0.0139,-0.9978,-0.0649,0,0.2093,0.0663,-0.9756,0,0.9778,0,0.2097,0,0.343,2.2128,0.0165,1]},
{"frame":29,"values":[0.0079,-0.9978,-0.0659,0,0.1195,0.0663,-0.9906,0,0.9928,0,0.1198,0,0.3441,2.2128,0.0177,1]},
{"frame":30,"values":[0.006,-0.9978,-0.0661,0,0.0901,0.0663,-0.9937,0,0.9959,0,0.0903,0,0.3445,2.2128,0.018,1]},
{"frame":31,"values":[0.0079,-0.9978,-0.0659,0,0.1195,0.0663,-0.9906,0,0.9928,0,0.1198,0,0.3441,2.2128,0.0177,1]},
{"frame":32,"values":[0.0139,-0.9978,-0.0649,0,0.2093,0.0663,-0.9756,0,0.9778,0,0.2097,0,0.343,2.2128,0.0165,1]},
{"frame":33,"values":[0.0237,-0.9978,-0.062,0,0.3564,0.0663,-0.932,0,0.934,0,0.3572,0,0.3412,2.2128,0.0146,1]},
{"frame":34,"values":[0.0361,-0.9978,-0.0557,0,0.5425,0.0663,-0.8374,0,0.8393,0,0.5437,0,0.3389,2.2128,0.0121,1]},
{"frame":35,"values":[0.0484,-0.9978,-0.0453,0,0.7286,0.0663,-0.6817,0,0.6832,0,0.7302,0,0.3362,2.2128,0.0092,1]},
{"frame":36,"values":[0.0579,-0.9978,-0.0323,0,0.8716,0.0663,-0.4856,0,0.4867,0,0.8736,0,0.3336,2.2128,0.0064,1]},
{"frame":37,"values":[0.0634,-0.9978,-0.0195,0,0.9536,0.0663,-0.2936,0,0.2943,0,0.9557,0,0.3312,2.2128,0.0039,1]},
{"frame":38,"values":[0.0656,-0.9978,-0.0096,0,0.9874,0.0663,-0.144,0,0.1443,0,0.9895,0,0.3295,2.2128,0.002,1]},
{"frame":39,"values":[0.0662,-0.9978,-0.0036,0,0.9964,0.0663,-0.0534,0,0.0535,0,0.9986,0,0.3284,2.2128,0.0008,1]},
{"frame":40,"values":[0.0663,-0.9978,-0.0016,0,0.9975,0.0663,-0.0238,0,0.0239,0,0.9997,0,0.328,2.2128,0.0004,1]},
{"frame":41,"values":[0.0662,-0.9978,-0.0036,0,0.9964,0.0663,-0.0534,0,0.0535,0,0.9986,0,0.3284,2.2128,0.0008,1]},
{"frame":42,"values":[0.0656,-0.9978,-0.0096,0,0.9874,0.0663,-0.144,0,0.1443,0,0.9895,0,0.3295,2.2128,0.002,1]},
{"frame":43,"values":[0.0634,-0.9978,-0.0195,0,0.9536,0.0663,-0.2936,0,0.2943,0,0.9557,0,0.3312,2.2128,0.0039,1]},
{"frame":44,"values":[0.0579,-0.9978,-0.0323,0,0.8716,0.0663,-0.4856,0,0.4867,0,0.8736,0,0.3336,2.2128,0.0064,1]},
{"frame":45,"values":[0.0484,-0.9978,-0.0453,0,0.7286,0.0663,-0.6817,0,0.6832,0,0.7302,0,0.3362,2.2128,0.0092,1]},
{"frame":46,"values":[0.0361,-0.9978,-0.0557,0,0.5425,0.0663,-0.8374,0,0.8393,0,0.5437,0,0.3389,2.2128,0.0121,1]},
{"frame":47,"values":[0.0237,-0.9978,-0.062,0,0.3564,0.0663,-0.932,0,0.934,0,0.3572,0,0.3412,2.2128,0.0146,1]},
{"frame":48,"values":[0.0139,-0.9978,-0.0649,0,0.2093,0.0663,-0.9756,0,0.9778,0,0.2097,0,0.343,2.2128,0.0165,1]},
{"frame":49,"values":[0.0079,-0.9978,-0.0659,0,0.1195,0.0663,-0.9906,0,0.9928,0,0.1198,0,0.3441,2.2128,0.0177,1]},
{"frame":50,"values":[0.006,-0.9978,-0.0661,0,0.0901,0.0663,-0.9937,0,0.9959,0,0.0903,0,0.3445,2.2128,0.018,1]},
{"frame":51,"values":[0.0079,-0.9978,-0.0659,0,0.1195,0.0663,-0.9906,0,0.9928,0,0.1198,0,0.3441,2.2128,0.0177,1]},
{"frame":52,"values":[0.0139,-0.9978,-0.0649,0,0.2093,0.0663,-0.9756,0,0.9778,0,0.2097,0,0.343,2.2128,0.0165,1]},
{"frame":53,"values":[0.0237,-0.9978,-0.062,0,0.3564,0.0663,-0.932,0,0.934,0,0.3572,0,0.3412,2.2128,0.0146,1]},
{"frame":54,"values":[0.0361,-0.9978,-0.0557,0,0.5425,0.0663,-0.8374,0,0.8393,0,0.5437,0,0.3389,2.2128,0.0121,1]},
{"frame":55,"values":[0.0484,-0.9978,-0.0453,0,0.7286,0.0663,-0.6817,0,0.6832,0,0.7302,0,0.3362,2.2128,0.0092,1]},
{"frame":56,"values":[0.0579,-0.9978,-0.0323,0,0.8716,0.0663,-0.4856,0,0.4867,0,0.8736,0,0.3336,2.2128,0.0064,1]},
{"frame":57,"values":[0.0634,-0.9978,-0.0195,0,0.9536,0.0663,-0.2936,0,0.2943,0,0.9557,0,0.3312,2.2128,0.0039,1]},
{"frame":58,"values":[0.0656,-0.9978,-0.0096,0,0.9874,0.0663,-0.144,0,0.1443,0,0.9895,0,0.3295,2.2128,0.002,1]},
{"frame":59,"values":[0.0662,-0.9978,-0.0036,0,0.9964,0.0663,-0.0534,0,0.0535,0,0.9986,0,0.3284,2.2128,0.0008,1]},
{"frame":60,"values":[0.0663,-0.9978,-0.0016,0,0.9975,0.0663,-0.0238,0,0.0239,0,0.9997,0,0.328,2.2128,0.0004,1]},
{"frame":61,"values":[0.0662,-0.9978,-0.0036,0,0.9964,0.0663,-0.0534,0,0.0535,0,0.9986,0,0.3284,2.2128,0.0008,1]},
{"frame":62,"values":[0.0656,-0.9978,-0.0096,0,0.9874,0.0663,-0.144,0,0.1443,0,0.9895,0,0.3295,2.2128,0.002,1]},
{"frame":63,"values":[0.0634,-0.9978,-0.0195,0,0.9536,0.0663,-0.2936,0,0.2943,0,0.9557,0,0.3312,2.2128,0.0039,1]},
{"frame":64,"values":[0.0579,-0.9978,-0.0323,0,0.8716,0.0663,-0.4856,0,0.4867,0,0.8736,0,0.3336,2.2128,0.0064,1]},
{"frame":65,"values":[0.0484,-0.9978,-0.0453,0,0.7286,0.0663,-0.6817,0,0.6832,0,0.7302,0,0.3362,2.2128,0.0092,1]},
{"frame":66,"values":[0.0361,-0.9978,-0.0557,0,0.5425,0.0663,-0.8374,0,0.8393,0,0.5437,0,0.3389,2.2128,0.0121,1]},
{"frame":67,"values":[0.0237,-0.9978,-0.062,0,0.3564,0.0663,-0.932,0,0.934,0,0.3572,0,0.3412,2.2128,0.0146,1]},
{"frame":68,"values":[0.0139,-0.9978,-0.0649,0,0.2093,0.0663,-0.9756,0,0.9778,0,0.2097,0,0.343,2.2128,0.0165,1]},
{"frame":69,"values":[0.0079,-0.9978,-0.0659,0,0.1195,0.0663,-0.9906,0,0.9928,0,0.1198,0,0.3441,2.2128,0.0177,1]},
{"frame":70,"values":[0.006,-0.9978,-0.0661,0,0.0901,0.0663,-0.9937,0,0.9959,0,0.0903,0,0.3445,2.2128,0.018,1]},
{"frame":71,"values":[0.0079,-0.9978,-0.0659,0,0.1195,0.0663,-0.9906,0,0.9928,0,0.1198,0,0.3441,2.2128,0.0177,1]},
{"frame":72,"values":[0.0139,-0.9978,-0.0649,0,0.2093,0.0663,-0.9756,0,0.9778,0,0.2097,0,0.343,2.2128,0.0165,1]},
{"frame":73,"values":[0.0237,-0.9978,-0.062,0,0.3564,0.0663,-0.932,0,0.934,0,0.3572,0,0.3412,2.2128,0.0146,1]},
{"frame":74,"values":[0.0361,-0.9978,-0.0557,0,0.5425,0.0663,-0.8374,0,0.8393,0,0.5437,0,0.3389,2.2128,0.0121,1]},
{"frame":75,"values":[0.0484,-0.9978,-0.0453,0,0.7286,0.0663,-0.6817,0,0.6832,0,0.7302,0,0.3362,2.2128,0.0092,1]},
{"frame":76,"values":[0.0579,-0.9978,-0.0323,0,0.8716,0.0663,-0.4856,0,0.4867,0,0.8736,0,0.3336,2.2128,0.0064,1]},
{"frame":77,"values":[0.0634,-0.9978,-0.0195,0,0.9536,0.0663,-0.2936,0,0.2943,0,0.9557,0,0.3312,2.2128,0.0039,1]},
{"frame":78,"values":[0.0656,-0.9978,-0.0096,0,0.9874,0.0663,-0.144,0,0.1443,0,0.9895,0,0.3295,2.2128,0.002,1]},
{"frame":79,"values":[0.0662,-0.9978,-0.0036,0,0.9964,0.0663,-0.0534,0,0.0535,0,0.9986,0,0.3284,2.2128,0.0008,1]},
{"frame":80,"values":[0.0663,-0.9978,-0.0016,0,0.9975,0.0663,-0.0238,0,0.0239,0,0.9997,0,0.328,2.2128,0.0004,1]},
{"frame":81,"values":[0.0662,-0.9978,-0.0036,0,0.9964,0.0663,-0.0534,0,0.0535,0,0.9986,0,0.3284,2.2128,0.0008,1]},
{"frame":82,"values":[0.0656,-0.9978,-0.0096,0,0.9874,0.0663,-0.144,0,0.1443,0,0.9895,0,0.3295,2.2128,0.002,1]},
{"frame":83,"values":[0.0634,-0.9978,-0.0195,0,0.9536,0.0663,-0.2936,0,0.2943,0,0.9557,0,0.3312,2.2128,0.0039,1]},
{"frame":84,"values":[0.0579,-0.9978,-0.0323,0,0.8716,0.0663,-0.4856,0,0.4867,0,0.8736,0,0.3336,2.2128,0.0064,1]},
{"frame":85,"values":[0.0484,-0.9978,-0.0453,0,0.7286,0.0663,-0.6817,0,0.6832,0,0.7302,0,0.3362,2.2128,0.0092,1]},
{"frame":86,"values":[0.0361,-0.9978,-0.0557,0,0.5425,0.0663,-0.8374,0,0.8393,0,0.5437,0,0.3389,2.2128,0.0121,1]},
{"frame":87,"values":[0.0237,-0.9978,-0.062,0,0.3564,0.0663,-0.932,0,0.934,0,0.3572,0,0.3412,2.2128,0.0146,1]},
{"frame":88,"values":[0.0139,-0.9978,-0.0649,0,0.2093,0.0663,-0.9756,0,0.9778,0,0.2097,0,0.343,2.2128,0.0165,1]},
{"frame":89,"values":[0.0079,-0.9978,-0.0659,0,0.1195,0.0663,-0.9906,0,0.9928,0,0.1198,0,0.3441,2.2128,0.0177,1]},
{"frame":90,"values":[0.006,-0.9978,-0.0661,0,0.0901,0.0663,-0.9937,0,0.9959,0,0.0903,0,0.3445,2.2128,0.018,1]},
{"frame":91,"values":[0.0079,-0.9978,-0.0659,0,0.1195,0.0663,-0.9906,0,0.9928,0,0.1198,0,0.3441,2.2128,0.0177,1]},
{"frame":92,"values":[0.0139,-0.9978,-0.0649,0,0.2093,0.0663,-0.9756,0,0.9778,0,0.2097,0,0.343,2.2128,0.0165,1]},
{"frame":93,"values":[0.0237,-0.9978,-0.062,0,0.3564,0.0663,-0.932,0,0.934,0,0.3572,0,0.3412,2.2128,0.0146,1]},
{"frame":94,"values":[0.0361,-0.9978,-0.0557,0,0.5425,0.0663,-0.8374,0,0.8393,0,0.5437,0,0.3389,2.2128,0.0121,1]},
{"frame":95,"values":[0.0484,-0.9978,-0.0453,0,0.7286,0.0663,-0.6817,0,0.6832,0,0.7302,0,0.3362,2.2128,0.0092,1]},
{"frame":96,"values":[0.0579,-0.9978,-0.0323,0,0.8716,0.0663,-0.4856,0,0.4867,0,0.8736,0,0.3336,2.2128,0.0064,1]},
{"frame":97,"values":[0.0634,-0.9978,-0.0195,0,0.9536,0.0663,-0.2936,0,0.2943,0,0.9557,0,0.3312,2.2128,0.0039,1]},
{"frame":98,"values":[0.0656,-0.9978,-0.0096,0,0.9874,0.0663,-0.144,0,0.1443,0,0.9895,0,0.3295,2.2128,0.002,1]},
{"frame":99,"values":[0.0662,-0.9978,-0.0036,0,0.9964,0.0663,-0.0534,0,0.0535,0,0.9986,0,0.3284,2.2128,0.0008,1]},
{"frame":100,"values":[0.0663,-0.9978,-0.0016,0,0.9975,0.0663,-0.0238,0,0.0239,0,0.9997,0,0.328,2.2128,0.0004,1]},
{"frame":101,"values":[0.0662,-0.9978,-0.0036,0,0.9964,0.0663,-0.0534,0,0.0535,0,0.9986,0,0.3284,2.2128,0.0008,1]},
{"frame":102,"values":[0.0656,-0.9978,-0.0096,0,0.9874,0.0663,-0.144,0,0.1443,0,0.9895,0,0.3295,2.2128,0.002,1]},
{"frame":103,"values":[0.0634,-0.9978,-0.0195,0,0.9536,0.0663,-0.2936,0,0.2943,0,0.9557,0,0.3312,2.2128,0.0039,1]},
{"frame":104,"values":[0.0579,-0.9978,-0.0323,0,0.8716,0.0663,-0.4856,0,0.4867,0,0.8736,0,0.3336,2.2128,0.0064,1]},
{"frame":105,"values":[0.0484,-0.9978,-0.0453,0,0.7286,0.0663,-0.6817,0,0.6832,0,0.7302,0,0.3362,2.2128,0.0092,1]},
{"frame":106,"values":[0.0361,-0.9978,-0.0557,0,0.5425,0.0663,-0.8374,0,0.8393,0,0.5437,0,0.3389,2.2128,0.0121,1]},
{"frame":107,"values":[0.0237,-0.9978,-0.062,0,0.3564,0.0663,-0.932,0,0.934,0,0.3572,0,0.3412,2.2128,0.0146,1]},
{"frame":108,"values":[0.0139,-0.9978,-0.0649,0,0.2093,0.0663,-0.9756,0,0.9778,0,0.2097,0,0.343,2.2128,0.0165,1]},
{"frame":109,"values":[0.0079,-0.9978,-0.0659,0,0.1195,0.0663,-0.9906,0,0.9928,0,0.1198,0,0.3441,2.2128,0.0177,1]},
{"frame":110,"values":[0.006,-0.9978,-0.0661,0,0.0901,0.0663,-0.9937,0,0.9959,0,0.0903,0,0.3445,2.2128,0.018,1]},
{"frame":111,"values":[0.0079,-0.9978,-0.0659,0,0.1195,0.0663,-0.9906,0,0.9928,0,0.1198,0,0.3441,2.2128,0.0177,1]},
{"frame":112,"values":[0.0139,-0.9978,-0.0649,0,0.2093,0.0663,-0.9756,0,0.9778,0,0.2097,0,0.343,2.2128,0.0165,1]},
{"frame":113,"values":[0.0237,-0.9978,-0.062,0,0.3564,0.0663,-0.932,0,0.934,0,0.3572,0,0.3412,2.2128,0.0146,1]},
{"frame":114,"values":[0.0361,-0.9978,-0.0557,0,0.5425,0.0663,-0.8374,0,0.8393,0,0.5437,0,0.3389,2.2128,0.0121,1]},
{"frame":115,"values":[0.0484,-0.9978,-0.0453,0,0.7286,0.0663,-0.6817,0,0.6832,0,0.7302,0,0.3362,2.2128,0.0092,1]},
{"frame":116,"values":[0.0579,-0.9978,-0.0323,0,0.8716,0.0663,-0.4856,0,0.4867,0,0.8736,0,0.3336,2.2128,0.0064,1]},
{"frame":117,"values":[0.0634,-0.9978,-0.0195,0,0.9536,0.0663,-0.2936,0,0.2943,0,0.9557,0,0.3312,2.2128,0.0039,1]},
{"frame":118,"values":[0.0656,-0.9978,-0.0096,0,0.9874,0.0663,-0.144,0,0.1443,0,0.9895,0,0.3295,2.2128,0.002,1]},
{"frame":119,"values":[0.0662,-0.9978,-0.0036,0,0.9964,0.0663,-0.0534,0,0.0535,0,0.9986,0,0.3284,2.2128,0.0008,1]},
{"frame":120,"values":[0.0663,-0.9978,-0.0016,0,0.9975,0.0663,-0.0238,0,0.0239,0,0.9997,0,0.328,2.2128,0.0004,1]}],"loopBehavior":1,"name":"anim","property":"_matrix"}},
{"name":"wingBR","index":4,"matrix":[0.0251,0.9996,0.0103,0,-0.925,0.0271,-0.379,0,-0.3791,0,0.9254,0,-0.4905,1.6718,-0.007,1],"rest":[0.0271,0.9996,0,0,-0.9996,0.0271,0,0,0,0,1,0,-0.527,1.6718,0,1],"parentBoneIndex":1,"length":1.5569
,"animation":{"dataType":3,"framePerSecond":24,"keys":[
{"frame":1,"values":[0.0251,0.9996,0.0103,0,-0.925,0.0271,-0.379,0,-0.3791,0,0.9254,0,-0.4905,1.6718,-0.007,1]},
{"frame":2,"values":[0.0247,0.9996,0.0111,0,-0.9114,0.0271,-0.4106,0,-0.4107,0,0.9118,0,-0.4879,1.6718,-0.0049,1]},
{"frame":3,"values":[0.0234,0.9996,0.0137,0,-0.8631,0.0271,-0.5044,0,-0.5046,0,0.8634,0,-0.4802,1.6718,0.0013,1]},
{"frame":4,"values":[0.0206,0.9996,0.0176,0,-0.7614,0.0271,-0.6477,0,-0.6479,0,0.7617,0,-0.4679,1.6718,0.0113,1]},
{"frame":5,"values":[0.0161,0.9996,0.0218,0,-0.5922,0.0271,-0.8053,0,-0.8056,0,0.5925,0,-0.4522,1.6718,0.024,1]},
{"frame":6,"values":[0.0101,0.9996,0.0252,0,-0.3711,0.0271,-0.9282,0,-0.9286,0,0.3712,0,-0.4353,1.6718,0.0377,1]},
{"frame":7,"values":[0.004,0.9996,0.0268,0,-0.1479,0.0271,-0.9886,0,-0.989,0,0.1479,0,-0.4196,1.6718,0.0504,1]},
{"frame":8,"values":[-0.0007,0.9996,0.0271,0,0.0275,0.0271,-0.9993,0,-0.9996,0,-0.0275,0,-0.4072,1.6718,0.0603,1]},
{"frame":9,"values":[-0.0036,0.9996,0.0269,0,0.1327,0.0271,-0.9908,0,-0.9912,0,-0.1327,0,-0.3996,1.6718,0.0666,1]},
{"frame":10,"values":[-0.0045,0.9996,0.0267,0,0.1667,0.0271,-0.9856,0,-0.986,0,-0.1668,0,-0.397,1.6718,0.0686,1]},
{"frame":11,"values":[-0.0038,0.9996,0.0268,0,0.1392,0.0271,-0.9899,0,-0.9903,0,-0.1393,0,-0.3991,1.6718,0.067,1]},
{"frame":12,"values":[-0.0015,0.9996,0.0271,0,0.0544,0.0271,-0.9982,0,-0.9985,0,-0.0544,0,-0.4053,1.6718,0.0619,1]},
{"frame":13,"values":[0.0024,0.9996,0.027,0,-0.0886,0.0271,-0.9957,0,-0.9961,0,0.0887,0,-0.4154,1.6718,0.0537,1]},
{"frame":14,"values":[0.0076,0.9996,0.026,0,-0.2788,0.0271,-0.96,0,-0.9603,0,0.2789,0,-0.4287,1.6718,0.043,1]},
{"frame":15,"values":[0.0132,0.9996,0.0237,0,-0.4856,0.0271,-0.8738,0,-0.8741,0,0.4857,0,-0.4437,1.6718,0.0308,1]},
{"frame":16,"values":[0.0181,0.9996,0.0202,0,-0.668,0.0271,-0.7437,0,-0.744,0,0.6682,0,-0.4587,1.6718,0.0187,1]},
{"frame":17,"values":[0.0217,0.9996,0.0163,0,-0.7987,0.0271,-0.6011,0,-0.6013,0,0.799,0,-0.472,1.6718,0.0079,1]},
{"frame":18,"values":[0.0238,0.9996,0.013,0,-0.8763,0.0271,-0.481,0,-0.4812,0,0.8766,0,-0.4821,1.6718,-0.0003,1]},
{"frame":19,"values":[0.0248,0.9996,0.011,0,-0.9141,0.0271,-0.4046,0,-0.4047,0,0.9144,0,-0.4884,1.6718,-0.0053,1]},
{"frame":20,"values":[0.0251,0.9996,0.0103,0,-0.925,0.0271,-0.379,0,-0.3791,0,0.9254,0,-0.4905,1.6718,-0.007,1]},
{"frame":21,"values":[0.0248,0.9996,0.011,0,-0.9141,0.0271,-0.4046,0,-0.4047,0,0.9144,0,-0.4884,1.6718,-0.0053,1]},
{"frame":22,"values":[0.0238,0.9996,0.013,0,-0.8763,0.0271,-0.481,0,-0.4812,0,0.8766,0,-0.4821,1.6718,-0.0003,1]},
{"frame":23,"values":[0.0217,0.9996,0.0163,0,-0.7987,0.0271,-0.6011,0,-0.6013,0,0.799,0,-0.472,1.6718,0.0079,1]},
{"frame":24,"values":[0.0181,0.9996,0.0202,0,-0.668,0.0271,-0.7437,0,-0.744,0,0.6682,0,-0.4587,1.6718,0.0187,1]},
{"frame":25,"values":[0.0132,0.9996,0.0237,0,-0.4856,0.0271,-0.8738,0,-0.8741,0,0.4857,0,-0.4437,1.6718,0.0308,1]},
{"frame":26,"values":[0.0076,0.9996,0.026,0,-0.2788,0.0271,-0.96,0,-0.9603,0,0.2789,0,-0.4287,1.6718,0.043,1]},
{"frame":27,"values":[0.0024,0.9996,0.027,0,-0.0886,0.0271,-0.9957,0,-0.9961,0,0.0887,0,-0.4154,1.6718,0.0537,1]},
{"frame":28,"values":[-0.0015,0.9996,0.0271,0,0.0544,0.0271,-0.9982,0,-0.9985,0,-0.0544,0,-0.4053,1.6718,0.0619,1]},
{"frame":29,"values":[-0.0038,0.9996,0.0268,0,0.1392,0.0271,-0.9899,0,-0.9903,0,-0.1393,0,-0.3991,1.6718,0.067,1]},
{"frame":30,"values":[-0.0045,0.9996,0.0267,0,0.1667,0.0271,-0.9856,0,-0.986,0,-0.1668,0,-0.397,1.6718,0.0686,1]},
{"frame":31,"values":[-0.0038,0.9996,0.0268,0,0.1392,0.0271,-0.9899,0,-0.9903,0,-0.1393,0,-0.3991,1.6718,0.067,1]},
{"frame":32,"values":[-0.0015,0.9996,0.0271,0,0.0544,0.0271,-0.9982,0,-0.9985,0,-0.0544,0,-0.4053,1.6718,0.0619,1]},
{"frame":33,"values":[0.0024,0.9996,0.027,0,-0.0886,0.0271,-0.9957,0,-0.9961,0,0.0887,0,-0.4154,1.6718,0.0537,1]},
{"frame":34,"values":[0.0076,0.9996,0.026,0,-0.2788,0.0271,-0.96,0,-0.9603,0,0.2789,0,-0.4287,1.6718,0.043,1]},
{"frame":35,"values":[0.0132,0.9996,0.0237,0,-0.4856,0.0271,-0.8738,0,-0.8741,0,0.4857,0,-0.4437,1.6718,0.0308,1]},
{"frame":36,"values":[0.0181,0.9996,0.0202,0,-0.668,0.0271,-0.7437,0,-0.744,0,0.6682,0,-0.4587,1.6718,0.0187,1]},
{"frame":37,"values":[0.0217,0.9996,0.0163,0,-0.7987,0.0271,-0.6011,0,-0.6013,0,0.799,0,-0.472,1.6718,0.0079,1]},
{"frame":38,"values":[0.0238,0.9996,0.013,0,-0.8763,0.0271,-0.481,0,-0.4812,0,0.8766,0,-0.4821,1.6718,-0.0003,1]},
{"frame":39,"values":[0.0248,0.9996,0.011,0,-0.9141,0.0271,-0.4046,0,-0.4047,0,0.9144,0,-0.4884,1.6718,-0.0053,1]},
{"frame":40,"values":[0.0251,0.9996,0.0103,0,-0.925,0.0271,-0.379,0,-0.3791,0,0.9254,0,-0.4905,1.6718,-0.007,1]},
{"frame":41,"values":[0.0248,0.9996,0.011,0,-0.9141,0.0271,-0.4046,0,-0.4047,0,0.9144,0,-0.4884,1.6718,-0.0053,1]},
{"frame":42,"values":[0.0238,0.9996,0.013,0,-0.8763,0.0271,-0.481,0,-0.4812,0,0.8766,0,-0.4821,1.6718,-0.0003,1]},
{"frame":43,"values":[0.0217,0.9996,0.0163,0,-0.7987,0.0271,-0.6011,0,-0.6013,0,0.799,0,-0.472,1.6718,0.0079,1]},
{"frame":44,"values":[0.0181,0.9996,0.0202,0,-0.668,0.0271,-0.7437,0,-0.744,0,0.6682,0,-0.4587,1.6718,0.0187,1]},
{"frame":45,"values":[0.0132,0.9996,0.0237,0,-0.4856,0.0271,-0.8738,0,-0.8741,0,0.4857,0,-0.4437,1.6718,0.0308,1]},
{"frame":46,"values":[0.0076,0.9996,0.026,0,-0.2788,0.0271,-0.96,0,-0.9603,0,0.2789,0,-0.4287,1.6718,0.043,1]},
{"frame":47,"values":[0.0024,0.9996,0.027,0,-0.0886,0.0271,-0.9957,0,-0.9961,0,0.0887,0,-0.4154,1.6718,0.0537,1]},
{"frame":48,"values":[-0.0015,0.9996,0.0271,0,0.0544,0.0271,-0.9982,0,-0.9985,0,-0.0544,0,-0.4053,1.6718,0.0619,1]},
{"frame":49,"values":[-0.0038,0.9996,0.0268,0,0.1392,0.0271,-0.9899,0,-0.9903,0,-0.1393,0,-0.3991,1.6718,0.067,1]},
{"frame":50,"values":[-0.0045,0.9996,0.0267,0,0.1667,0.0271,-0.9856,0,-0.986,0,-0.1668,0,-0.397,1.6718,0.0686,1]},
{"frame":51,"values":[-0.0038,0.9996,0.0268,0,0.1392,0.0271,-0.9899,0,-0.9903,0,-0.1393,0,-0.3991,1.6718,0.067,1]},
{"frame":52,"values":[-0.0015,0.9996,0.0271,0,0.0544,0.0271,-0.9982,0,-0.9985,0,-0.0544,0,-0.4053,1.6718,0.0619,1]},
{"frame":53,"values":[0.0024,0.9996,0.027,0,-0.0886,0.0271,-0.9957,0,-0.9961,0,0.0887,0,-0.4154,1.6718,0.0537,1]},
{"frame":54,"values":[0.0076,0.9996,0.026,0,-0.2788,0.0271,-0.96,0,-0.9603,0,0.2789,0,-0.4287,1.6718,0.043,1]},
{"frame":55,"values":[0.0132,0.9996,0.0237,0,-0.4856,0.0271,-0.8738,0,-0.8741,0,0.4857,0,-0.4437,1.6718,0.0308,1]},
{"frame":56,"values":[0.0181,0.9996,0.0202,0,-0.668,0.0271,-0.7437,0,-0.744,0,0.6682,0,-0.4587,1.6718,0.0187,1]},
{"frame":57,"values":[0.0217,0.9996,0.0163,0,-0.7987,0.0271,-0.6011,0,-0.6013,0,0.799,0,-0.472,1.6718,0.0079,1]},
{"frame":58,"values":[0.0238,0.9996,0.013,0,-0.8763,0.0271,-0.481,0,-0.4812,0,0.8766,0,-0.4821,1.6718,-0.0003,1]},
{"frame":59,"values":[0.0248,0.9996,0.011,0,-0.9141,0.0271,-0.4046,0,-0.4047,0,0.9144,0,-0.4884,1.6718,-0.0053,1]},
{"frame":60,"values":[0.0251,0.9996,0.0103,0,-0.925,0.0271,-0.379,0,-0.3791,0,0.9254,0,-0.4905,1.6718,-0.007,1]},
{"frame":61,"values":[0.0248,0.9996,0.011,0,-0.9141,0.0271,-0.4046,0,-0.4047,0,0.9144,0,-0.4884,1.6718,-0.0053,1]},
{"frame":62,"values":[0.0238,0.9996,0.013,0,-0.8763,0.0271,-0.481,0,-0.4812,0,0.8766,0,-0.4821,1.6718,-0.0003,1]},
{"frame":63,"values":[0.0217,0.9996,0.0163,0,-0.7987,0.0271,-0.6011,0,-0.6013,0,0.799,0,-0.472,1.6718,0.0079,1]},
{"frame":64,"values":[0.0181,0.9996,0.0202,0,-0.668,0.0271,-0.7437,0,-0.744,0,0.6682,0,-0.4587,1.6718,0.0187,1]},
{"frame":65,"values":[0.0132,0.9996,0.0237,0,-0.4856,0.0271,-0.8738,0,-0.8741,0,0.4857,0,-0.4437,1.6718,0.0308,1]},
{"frame":66,"values":[0.0076,0.9996,0.026,0,-0.2788,0.0271,-0.96,0,-0.9603,0,0.2789,0,-0.4287,1.6718,0.043,1]},
{"frame":67,"values":[0.0024,0.9996,0.027,0,-0.0886,0.0271,-0.9957,0,-0.9961,0,0.0887,0,-0.4154,1.6718,0.0537,1]},
{"frame":68,"values":[-0.0015,0.9996,0.0271,0,0.0544,0.0271,-0.9982,0,-0.9985,0,-0.0544,0,-0.4053,1.6718,0.0619,1]},
{"frame":69,"values":[-0.0038,0.9996,0.0268,0,0.1392,0.0271,-0.9899,0,-0.9903,0,-0.1393,0,-0.3991,1.6718,0.067,1]},
{"frame":70,"values":[-0.0045,0.9996,0.0267,0,0.1667,0.0271,-0.9856,0,-0.986,0,-0.1668,0,-0.397,1.6718,0.0686,1]},
{"frame":71,"values":[-0.0038,0.9996,0.0268,0,0.1392,0.0271,-0.9899,0,-0.9903,0,-0.1393,0,-0.3991,1.6718,0.067,1]},
{"frame":72,"values":[-0.0015,0.9996,0.0271,0,0.0544,0.0271,-0.9982,0,-0.9985,0,-0.0544,0,-0.4053,1.6718,0.0619,1]},
{"frame":73,"values":[0.0024,0.9996,0.027,0,-0.0886,0.0271,-0.9957,0,-0.9961,0,0.0887,0,-0.4154,1.6718,0.0537,1]},
{"frame":74,"values":[0.0076,0.9996,0.026,0,-0.2788,0.0271,-0.96,0,-0.9603,0,0.2789,0,-0.4287,1.6718,0.043,1]},
{"frame":75,"values":[0.0132,0.9996,0.0237,0,-0.4856,0.0271,-0.8738,0,-0.8741,0,0.4857,0,-0.4437,1.6718,0.0308,1]},
{"frame":76,"values":[0.0181,0.9996,0.0202,0,-0.668,0.0271,-0.7437,0,-0.744,0,0.6682,0,-0.4587,1.6718,0.0187,1]},
{"frame":77,"values":[0.0217,0.9996,0.0163,0,-0.7987,0.0271,-0.6011,0,-0.6013,0,0.799,0,-0.472,1.6718,0.0079,1]},
{"frame":78,"values":[0.0238,0.9996,0.013,0,-0.8763,0.0271,-0.481,0,-0.4812,0,0.8766,0,-0.4821,1.6718,-0.0003,1]},
{"frame":79,"values":[0.0248,0.9996,0.011,0,-0.9141,0.0271,-0.4046,0,-0.4047,0,0.9144,0,-0.4884,1.6718,-0.0053,1]},
{"frame":80,"values":[0.0251,0.9996,0.0103,0,-0.925,0.0271,-0.379,0,-0.3791,0,0.9254,0,-0.4905,1.6718,-0.007,1]},
{"frame":81,"values":[0.0248,0.9996,0.011,0,-0.9141,0.0271,-0.4046,0,-0.4047,0,0.9144,0,-0.4884,1.6718,-0.0053,1]},
{"frame":82,"values":[0.0238,0.9996,0.013,0,-0.8763,0.0271,-0.481,0,-0.4812,0,0.8766,0,-0.4821,1.6718,-0.0003,1]},
{"frame":83,"values":[0.0217,0.9996,0.0163,0,-0.7987,0.0271,-0.6011,0,-0.6013,0,0.799,0,-0.472,1.6718,0.0079,1]},
{"frame":84,"values":[0.0181,0.9996,0.0202,0,-0.668,0.0271,-0.7437,0,-0.744,0,0.6682,0,-0.4587,1.6718,0.0187,1]},
{"frame":85,"values":[0.0132,0.9996,0.0237,0,-0.4856,0.0271,-0.8738,0,-0.8741,0,0.4857,0,-0.4437,1.6718,0.0308,1]},
{"frame":86,"values":[0.0076,0.9996,0.026,0,-0.2788,0.0271,-0.96,0,-0.9603,0,0.2789,0,-0.4287,1.6718,0.043,1]},
{"frame":87,"values":[0.0024,0.9996,0.027,0,-0.0886,0.0271,-0.9957,0,-0.9961,0,0.0887,0,-0.4154,1.6718,0.0537,1]},
{"frame":88,"values":[-0.0015,0.9996,0.0271,0,0.0544,0.0271,-0.9982,0,-0.9985,0,-0.0544,0,-0.4053,1.6718,0.0619,1]},
{"frame":89,"values":[-0.0038,0.9996,0.0268,0,0.1392,0.0271,-0.9899,0,-0.9903,0,-0.1393,0,-0.3991,1.6718,0.067,1]},
{"frame":90,"values":[-0.0045,0.9996,0.0267,0,0.1667,0.0271,-0.9856,0,-0.986,0,-0.1668,0,-0.397,1.6718,0.0686,1]},
{"frame":91,"values":[-0.0038,0.9996,0.0268,0,0.1392,0.0271,-0.9899,0,-0.9903,0,-0.1393,0,-0.3991,1.6718,0.067,1]},
{"frame":92,"values":[-0.0015,0.9996,0.0271,0,0.0544,0.0271,-0.9982,0,-0.9985,0,-0.0544,0,-0.4053,1.6718,0.0619,1]},
{"frame":93,"values":[0.0024,0.9996,0.027,0,-0.0886,0.0271,-0.9957,0,-0.9961,0,0.0887,0,-0.4154,1.6718,0.0537,1]},
{"frame":94,"values":[0.0076,0.9996,0.026,0,-0.2788,0.0271,-0.96,0,-0.9603,0,0.2789,0,-0.4287,1.6718,0.043,1]},
{"frame":95,"values":[0.0132,0.9996,0.0237,0,-0.4856,0.0271,-0.8738,0,-0.8741,0,0.4857,0,-0.4437,1.6718,0.0308,1]},
{"frame":96,"values":[0.0181,0.9996,0.0202,0,-0.668,0.0271,-0.7437,0,-0.744,0,0.6682,0,-0.4587,1.6718,0.0187,1]},
{"frame":97,"values":[0.0217,0.9996,0.0163,0,-0.7987,0.0271,-0.6011,0,-0.6013,0,0.799,0,-0.472,1.6718,0.0079,1]},
{"frame":98,"values":[0.0238,0.9996,0.013,0,-0.8763,0.0271,-0.481,0,-0.4812,0,0.8766,0,-0.4821,1.6718,-0.0003,1]},
{"frame":99,"values":[0.0248,0.9996,0.011,0,-0.9141,0.0271,-0.4046,0,-0.4047,0,0.9144,0,-0.4884,1.6718,-0.0053,1]},
{"frame":100,"values":[0.0251,0.9996,0.0103,0,-0.925,0.0271,-0.379,0,-0.3791,0,0.9254,0,-0.4905,1.6718,-0.007,1]},
{"frame":101,"values":[0.0248,0.9996,0.011,0,-0.9141,0.0271,-0.4046,0,-0.4047,0,0.9144,0,-0.4884,1.6718,-0.0053,1]},
{"frame":102,"values":[0.0238,0.9996,0.013,0,-0.8763,0.0271,-0.481,0,-0.4812,0,0.8766,0,-0.4821,1.6718,-0.0003,1]},
{"frame":103,"values":[0.0217,0.9996,0.0163,0,-0.7987,0.0271,-0.6011,0,-0.6013,0,0.799,0,-0.472,1.6718,0.0079,1]},
{"frame":104,"values":[0.0181,0.9996,0.0202,0,-0.668,0.0271,-0.7437,0,-0.744,0,0.6682,0,-0.4587,1.6718,0.0187,1]},
{"frame":105,"values":[0.0132,0.9996,0.0237,0,-0.4856,0.0271,-0.8738,0,-0.8741,0,0.4857,0,-0.4437,1.6718,0.0308,1]},
{"frame":106,"values":[0.0076,0.9996,0.026,0,-0.2788,0.0271,-0.96,0,-0.9603,0,0.2789,0,-0.4287,1.6718,0.043,1]},
{"frame":107,"values":[0.0024,0.9996,0.027,0,-0.0886,0.0271,-0.9957,0,-0.9961,0,0.0887,0,-0.4154,1.6718,0.0537,1]},
{"frame":108,"values":[-0.0015,0.9996,0.0271,0,0.0544,0.0271,-0.9982,0,-0.9985,0,-0.0544,0,-0.4053,1.6718,0.0619,1]},
{"frame":109,"values":[-0.0038,0.9996,0.0268,0,0.1392,0.0271,-0.9899,0,-0.9903,0,-0.1393,0,-0.3991,1.6718,0.067,1]},
{"frame":110,"values":[-0.0045,0.9996,0.0267,0,0.1667,0.0271,-0.9856,0,-0.986,0,-0.1668,0,-0.397,1.6718,0.0686,1]},
{"frame":111,"values":[-0.0038,0.9996,0.0268,0,0.1392,0.0271,-0.9899,0,-0.9903,0,-0.1393,0,-0.3991,1.6718,0.067,1]},
{"frame":112,"values":[-0.0015,0.9996,0.0271,0,0.0544,0.0271,-0.9982,0,-0.9985,0,-0.0544,0,-0.4053,1.6718,0.0619,1]},
{"frame":113,"values":[0.0024,0.9996,0.027,0,-0.0886,0.0271,-0.9957,0,-0.9961,0,0.0887,0,-0.4154,1.6718,0.0537,1]},
{"frame":114,"values":[0.0076,0.9996,0.026,0,-0.2788,0.0271,-0.96,0,-0.9603,0,0.2789,0,-0.4287,1.6718,0.043,1]},
{"frame":115,"values":[0.0132,0.9996,0.0237,0,-0.4856,0.0271,-0.8738,0,-0.8741,0,0.4857,0,-0.4437,1.6718,0.0308,1]},
{"frame":116,"values":[0.0181,0.9996,0.0202,0,-0.668,0.0271,-0.7437,0,-0.744,0,0.6682,0,-0.4587,1.6718,0.0187,1]},
{"frame":117,"values":[0.0217,0.9996,0.0163,0,-0.7987,0.0271,-0.6011,0,-0.6013,0,0.799,0,-0.472,1.6718,0.0079,1]},
{"frame":118,"values":[0.0238,0.9996,0.013,0,-0.8763,0.0271,-0.481,0,-0.4812,0,0.8766,0,-0.4821,1.6718,-0.0003,1]},
{"frame":119,"values":[0.0248,0.9996,0.011,0,-0.9141,0.0271,-0.4046,0,-0.4047,0,0.9144,0,-0.4884,1.6718,-0.0053,1]},
{"frame":120,"values":[0.0251,0.9996,0.0103,0,-0.925,0.0271,-0.379,0,-0.3791,0,0.9254,0,-0.4905,1.6718,-0.007,1]}],"loopBehavior":1,"name":"anim","property":"_matrix"}},
{"name":"wingBL","index":5,"matrix":[0.1445,-0.9895,-0.0035,0,0.9892,0.1446,-0.0236,0,0.0239,0,0.9997,0,0.3642,1.6443,-0.0004,1],"rest":[0.1446,-0.9895,0,0,0.9895,0.1446,0,0,0,0,1,0,0.3642,1.6443,0,1],"parentBoneIndex":1,"length":1.5116
,"animation":{"dataType":3,"framePerSecond":24,"keys":[
{"frame":1,"values":[0.1445,-0.9895,-0.0035,0,0.9892,0.1446,-0.0236,0,0.0239,0,0.9997,0,0.3642,1.6443,-0.0004,1]},
{"frame":2,"values":[0.1443,-0.9895,-0.0088,0,0.9877,0.1446,-0.0599,0,0.0606,0,0.9982,0,0.3638,1.6443,-0.0009,1]},
{"frame":3,"values":[0.1424,-0.9895,-0.025,0,0.9746,0.1446,-0.1709,0,0.1728,0,0.985,0,0.3624,1.6443,-0.0024,1]},
{"frame":4,"values":[0.1351,-0.9895,-0.0513,0,0.925,0.1446,-0.3515,0,0.3552,0,0.9348,0,0.3602,1.6443,-0.0047,1]},
{"frame":5,"values":[0.1181,-0.9895,-0.0833,0,0.8086,0.1446,-0.5703,0,0.5764,0,0.8172,0,0.3575,1.6443,-0.0076,1]},
{"frame":6,"values":[0.091,-0.9895,-0.1123,0,0.6228,0.1446,-0.7689,0,0.7771,0,0.6294,0,0.3545,1.6443,-0.0108,1]},
{"frame":7,"values":[0.0602,-0.9895,-0.1314,0,0.4122,0.1446,-0.8996,0,0.9091,0,0.4165,0,0.3517,1.6443,-0.0138,1]},
{"frame":8,"values":[0.0344,-0.9895,-0.1404,0,0.2354,0.1446,-0.9611,0,0.9713,0,0.2379,0,0.3496,1.6443,-0.0161,1]},
{"frame":9,"values":[0.0183,-0.9895,-0.1434,0,0.1255,0.1446,-0.9815,0,0.9919,0,0.1268,0,0.3482,1.6443,-0.0176,1]},
{"frame":10,"values":[0.0131,-0.9895,-0.144,0,0.0893,0.1446,-0.9855,0,0.9959,0,0.0903,0,0.3477,1.6443,-0.018,1]},
{"frame":11,"values":[0.0173,-0.9895,-0.1435,0,0.1185,0.1446,-0.9824,0,0.9928,0,0.1198,0,0.3481,1.6443,-0.0177,1]},
{"frame":12,"values":[0.0303,-0.9895,-0.1414,0,0.2075,0.1446,-0.9675,0,0.9778,0,0.2097,0,0.3492,1.6443,-0.0165,1]},
{"frame":13,"values":[0.0516,-0.9895,-0.135,0,0.3534,0.1446,-0.9242,0,0.934,0,0.3572,0,0.351,1.6443,-0.0146,1]},
{"frame":14,"values":[0.0786,-0.9895,-0.1213,0,0.538,0.1446,-0.8305,0,0.8393,0,0.5437,0,0.3533,1.6443,-0.0121,1]},
{"frame":15,"values":[0.1056,-0.9895,-0.0988,0,0.7226,0.1446,-0.676,0,0.6832,0,0.7302,0,0.356,1.6443,-0.0092,1]},
{"frame":16,"values":[0.1263,-0.9895,-0.0704,0,0.8644,0.1446,-0.4816,0,0.4867,0,0.8736,0,0.3586,1.6443,-0.0064,1]},
{"frame":17,"values":[0.1382,-0.9895,-0.0425,0,0.9457,0.1446,-0.2912,0,0.2943,0,0.9557,0,0.361,1.6443,-0.0039,1]},
{"frame":18,"values":[0.1431,-0.9895,-0.0209,0,0.9791,0.1446,-0.1428,0,0.1443,0,0.9895,0,0.3628,1.6443,-0.002,1]},
{"frame":19,"values":[0.1444,-0.9895,-0.0077,0,0.9881,0.1446,-0.053,0,0.0535,0,0.9986,0,0.3639,1.6443,-0.0008,1]},
{"frame":20,"values":[0.1445,-0.9895,-0.0035,0,0.9892,0.1446,-0.0236,0,0.0239,0,0.9997,0,0.3642,1.6443,-0.0004,1]},
{"frame":21,"values":[0.1444,-0.9895,-0.0077,0,0.9881,0.1446,-0.053,0,0.0535,0,0.9986,0,0.3639,1.6443,-0.0008,1]},
{"frame":22,"values":[0.1431,-0.9895,-0.0209,0,0.9791,0.1446,-0.1428,0,0.1443,0,0.9895,0,0.3628,1.6443,-0.002,1]},
{"frame":23,"values":[0.1382,-0.9895,-0.0425,0,0.9457,0.1446,-0.2912,0,0.2943,0,0.9557,0,0.361,1.6443,-0.0039,1]},
{"frame":24,"values":[0.1263,-0.9895,-0.0704,0,0.8644,0.1446,-0.4816,0,0.4867,0,0.8736,0,0.3586,1.6443,-0.0064,1]},
{"frame":25,"values":[0.1056,-0.9895,-0.0988,0,0.7226,0.1446,-0.676,0,0.6832,0,0.7302,0,0.356,1.6443,-0.0092,1]},
{"frame":26,"values":[0.0786,-0.9895,-0.1213,0,0.538,0.1446,-0.8305,0,0.8393,0,0.5437,0,0.3533,1.6443,-0.0121,1]},
{"frame":27,"values":[0.0516,-0.9895,-0.135,0,0.3534,0.1446,-0.9242,0,0.934,0,0.3572,0,0.351,1.6443,-0.0146,1]},
{"frame":28,"values":[0.0303,-0.9895,-0.1414,0,0.2075,0.1446,-0.9675,0,0.9778,0,0.2097,0,0.3492,1.6443,-0.0165,1]},
{"frame":29,"values":[0.0173,-0.9895,-0.1435,0,0.1185,0.1446,-0.9824,0,0.9928,0,0.1198,0,0.3481,1.6443,-0.0177,1]},
{"frame":30,"values":[0.0131,-0.9895,-0.144,0,0.0893,0.1446,-0.9855,0,0.9959,0,0.0903,0,0.3477,1.6443,-0.018,1]},
{"frame":31,"values":[0.0173,-0.9895,-0.1435,0,0.1185,0.1446,-0.9824,0,0.9928,0,0.1198,0,0.3481,1.6443,-0.0177,1]},
{"frame":32,"values":[0.0303,-0.9895,-0.1414,0,0.2075,0.1446,-0.9675,0,0.9778,0,0.2097,0,0.3492,1.6443,-0.0165,1]},
{"frame":33,"values":[0.0516,-0.9895,-0.135,0,0.3534,0.1446,-0.9242,0,0.934,0,0.3572,0,0.351,1.6443,-0.0146,1]},
{"frame":34,"values":[0.0786,-0.9895,-0.1213,0,0.538,0.1446,-0.8305,0,0.8393,0,0.5437,0,0.3533,1.6443,-0.0121,1]},
{"frame":35,"values":[0.1056,-0.9895,-0.0988,0,0.7226,0.1446,-0.676,0,0.6832,0,0.7302,0,0.356,1.6443,-0.0092,1]},
{"frame":36,"values":[0.1263,-0.9895,-0.0704,0,0.8644,0.1446,-0.4816,0,0.4867,0,0.8736,0,0.3586,1.6443,-0.0064,1]},
{"frame":37,"values":[0.1382,-0.9895,-0.0425,0,0.9457,0.1446,-0.2912,0,0.2943,0,0.9557,0,0.361,1.6443,-0.0039,1]},
{"frame":38,"values":[0.1431,-0.9895,-0.0209,0,0.9791,0.1446,-0.1428,0,0.1443,0,0.9895,0,0.3628,1.6443,-0.002,1]},
{"frame":39,"values":[0.1444,-0.9895,-0.0077,0,0.9881,0.1446,-0.053,0,0.0535,0,0.9986,0,0.3639,1.6443,-0.0008,1]},
{"frame":40,"values":[0.1445,-0.9895,-0.0035,0,0.9892,0.1446,-0.0236,0,0.0239,0,0.9997,0,0.3642,1.6443,-0.0004,1]},
{"frame":41,"values":[0.1444,-0.9895,-0.0077,0,0.9881,0.1446,-0.053,0,0.0535,0,0.9986,0,0.3639,1.6443,-0.0008,1]},
{"frame":42,"values":[0.1431,-0.9895,-0.0209,0,0.9791,0.1446,-0.1428,0,0.1443,0,0.9895,0,0.3628,1.6443,-0.002,1]},
{"frame":43,"values":[0.1382,-0.9895,-0.0425,0,0.9457,0.1446,-0.2912,0,0.2943,0,0.9557,0,0.361,1.6443,-0.0039,1]},
{"frame":44,"values":[0.1263,-0.9895,-0.0704,0,0.8644,0.1446,-0.4816,0,0.4867,0,0.8736,0,0.3586,1.6443,-0.0064,1]},
{"frame":45,"values":[0.1056,-0.9895,-0.0988,0,0.7226,0.1446,-0.676,0,0.6832,0,0.7302,0,0.356,1.6443,-0.0092,1]},
{"frame":46,"values":[0.0786,-0.9895,-0.1213,0,0.538,0.1446,-0.8305,0,0.8393,0,0.5437,0,0.3533,1.6443,-0.0121,1]},
{"frame":47,"values":[0.0516,-0.9895,-0.135,0,0.3534,0.1446,-0.9242,0,0.934,0,0.3572,0,0.351,1.6443,-0.0146,1]},
{"frame":48,"values":[0.0303,-0.9895,-0.1414,0,0.2075,0.1446,-0.9675,0,0.9778,0,0.2097,0,0.3492,1.6443,-0.0165,1]},
{"frame":49,"values":[0.0173,-0.9895,-0.1435,0,0.1185,0.1446,-0.9824,0,0.9928,0,0.1198,0,0.3481,1.6443,-0.0177,1]},
{"frame":50,"values":[0.0131,-0.9895,-0.144,0,0.0893,0.1446,-0.9855,0,0.9959,0,0.0903,0,0.3477,1.6443,-0.018,1]},
{"frame":51,"values":[0.0173,-0.9895,-0.1435,0,0.1185,0.1446,-0.9824,0,0.9928,0,0.1198,0,0.3481,1.6443,-0.0177,1]},
{"frame":52,"values":[0.0303,-0.9895,-0.1414,0,0.2075,0.1446,-0.9675,0,0.9778,0,0.2097,0,0.3492,1.6443,-0.0165,1]},
{"frame":53,"values":[0.0516,-0.9895,-0.135,0,0.3534,0.1446,-0.9242,0,0.934,0,0.3572,0,0.351,1.6443,-0.0146,1]},
{"frame":54,"values":[0.0786,-0.9895,-0.1213,0,0.538,0.1446,-0.8305,0,0.8393,0,0.5437,0,0.3533,1.6443,-0.0121,1]},
{"frame":55,"values":[0.1056,-0.9895,-0.0988,0,0.7226,0.1446,-0.676,0,0.6832,0,0.7302,0,0.356,1.6443,-0.0092,1]},
{"frame":56,"values":[0.1263,-0.9895,-0.0704,0,0.8644,0.1446,-0.4816,0,0.4867,0,0.8736,0,0.3586,1.6443,-0.0064,1]},
{"frame":57,"values":[0.1382,-0.9895,-0.0425,0,0.9457,0.1446,-0.2912,0,0.2943,0,0.9557,0,0.361,1.6443,-0.0039,1]},
{"frame":58,"values":[0.1431,-0.9895,-0.0209,0,0.9791,0.1446,-0.1428,0,0.1443,0,0.9895,0,0.3628,1.6443,-0.002,1]},
{"frame":59,"values":[0.1444,-0.9895,-0.0077,0,0.9881,0.1446,-0.053,0,0.0535,0,0.9986,0,0.3639,1.6443,-0.0008,1]},
{"frame":60,"values":[0.1445,-0.9895,-0.0035,0,0.9892,0.1446,-0.0236,0,0.0239,0,0.9997,0,0.3642,1.6443,-0.0004,1]},
{"frame":61,"values":[0.1444,-0.9895,-0.0077,0,0.9881,0.1446,-0.053,0,0.0535,0,0.9986,0,0.3639,1.6443,-0.0008,1]},
{"frame":62,"values":[0.1431,-0.9895,-0.0209,0,0.9791,0.1446,-0.1428,0,0.1443,0,0.9895,0,0.3628,1.6443,-0.002,1]},
{"frame":63,"values":[0.1382,-0.9895,-0.0425,0,0.9457,0.1446,-0.2912,0,0.2943,0,0.9557,0,0.361,1.6443,-0.0039,1]},
{"frame":64,"values":[0.1263,-0.9895,-0.0704,0,0.8644,0.1446,-0.4816,0,0.4867,0,0.8736,0,0.3586,1.6443,-0.0064,1]},
{"frame":65,"values":[0.1056,-0.9895,-0.0988,0,0.7226,0.1446,-0.676,0,0.6832,0,0.7302,0,0.356,1.6443,-0.0092,1]},
{"frame":66,"values":[0.0786,-0.9895,-0.1213,0,0.538,0.1446,-0.8305,0,0.8393,0,0.5437,0,0.3533,1.6443,-0.0121,1]},
{"frame":67,"values":[0.0516,-0.9895,-0.135,0,0.3534,0.1446,-0.9242,0,0.934,0,0.3572,0,0.351,1.6443,-0.0146,1]},
{"frame":68,"values":[0.0303,-0.9895,-0.1414,0,0.2075,0.1446,-0.9675,0,0.9778,0,0.2097,0,0.3492,1.6443,-0.0165,1]},
{"frame":69,"values":[0.0173,-0.9895,-0.1435,0,0.1185,0.1446,-0.9824,0,0.9928,0,0.1198,0,0.3481,1.6443,-0.0177,1]},
{"frame":70,"values":[0.0131,-0.9895,-0.144,0,0.0893,0.1446,-0.9855,0,0.9959,0,0.0903,0,0.3477,1.6443,-0.018,1]},
{"frame":71,"values":[0.0173,-0.9895,-0.1435,0,0.1185,0.1446,-0.9824,0,0.9928,0,0.1198,0,0.3481,1.6443,-0.0177,1]},
{"frame":72,"values":[0.0303,-0.9895,-0.1414,0,0.2075,0.1446,-0.9675,0,0.9778,0,0.2097,0,0.3492,1.6443,-0.0165,1]},
{"frame":73,"values":[0.0516,-0.9895,-0.135,0,0.3534,0.1446,-0.9242,0,0.934,0,0.3572,0,0.351,1.6443,-0.0146,1]},
{"frame":74,"values":[0.0786,-0.9895,-0.1213,0,0.538,0.1446,-0.8305,0,0.8393,0,0.5437,0,0.3533,1.6443,-0.0121,1]},
{"frame":75,"values":[0.1056,-0.9895,-0.0988,0,0.7226,0.1446,-0.676,0,0.6832,0,0.7302,0,0.356,1.6443,-0.0092,1]},
{"frame":76,"values":[0.1263,-0.9895,-0.0704,0,0.8644,0.1446,-0.4816,0,0.4867,0,0.8736,0,0.3586,1.6443,-0.0064,1]},
{"frame":77,"values":[0.1382,-0.9895,-0.0425,0,0.9457,0.1446,-0.2912,0,0.2943,0,0.9557,0,0.361,1.6443,-0.0039,1]},
{"frame":78,"values":[0.1431,-0.9895,-0.0209,0,0.9791,0.1446,-0.1428,0,0.1443,0,0.9895,0,0.3628,1.6443,-0.002,1]},
{"frame":79,"values":[0.1444,-0.9895,-0.0077,0,0.9881,0.1446,-0.053,0,0.0535,0,0.9986,0,0.3639,1.6443,-0.0008,1]},
